2 3 3192
2 3 20
2 3 14
2 2 12
2 2 7
2 3 92
2 2 7
2 3 12
2 3 11
2 2 7
2 2 6
2 2 8
2 3 12
2 3 12
2 3 11
2 2 8
2 3 13
2 2 6
2 3 13
2 2 7
2 2 10
2 3 12
2 2 6
2 3 12
2 3 13
2 2 6
2 2 6
2 3 11
2 3 11
2 3 11
2 2 7
2 2 8
2 3 13
2 3 12
2 3 11
2 3 9
2 2 8
2 3 10
2 2 7
2 3 11
2 3 12
2 3 11
2 2 8
2 3 11
2 2 5
2 2 5
2 2 4
2 3 7
2 3 8
2 3 8
2 3 9
2 2 5
2 3 9
2 3 8
2 3 7
2 2 5
2 3 8
2 3 7
2 3 8
2 2 4
2 3 7
2 2 4
2 2 5
2 3 9
2 2 5
2 2 5
2 2 5
2 3 7
2 2 4
2 2 4
2 2 5
2 2 5
2 2 5
2 2 4
2 2 4
2 3 8
2 2 4
2 2 5
2 3 8
2 2 4
2 2 5
2 2 5
2 3 10
2 2 7
2 3 8
2 2 4
2 2 5
2 2 5
2 2 5
2 2 5
2 2 5
2 3 8
2 3 9
2 2 5
2 2 5
2 2 5
2 3 9
2 2 5
2 3 8
2 2 5
2 3 7
2 3 7
2 3 7
2 3 9
2 3 8
2 2 6
2 2 5
2 2 5
2 2 5
2 2 5
2 3 9
2 2 6
2 2 8
2 2 8
2 2 10
2 3 12
2 2 9
2 3 10
2 3 11
2 3 10
2 2 6
2 3 10
2 3 12
2 3 11
2 3 11
2 3 12
2 3 12
2 2 8
2 3 12
2 3 11
2 3 9
2 3 15
2 3 11
2 2 7
2 3 11
2 2 8
2 3 11
2 2 7
2 3 12
2 2 8
2 2 7
2 3 13
2 2 7
2 2 6
2 3 10
2 3 13
2 3 13
2 2 7
2 3 13
2 2 5
2 3 8
2 3 9
2 2 4
2 3 9
2 3 8
2 2 5
2 3 8
2 3 8
2 3 8
2 3 8
2 2 6
2 2 5
2 2 6
2 2 5
2 3 8
2 3 7
2 3 7
2 2 5
2 2 5
2 2 5
2 3 8
2 3 8
2 3 9
2 3 8
2 3 7
2 2 5
2 3 7
2 3 9
2 2 5
2 3 8
2 3 7
2 3 8
2 3 8
2 3 8
2 2 5
2 3 8
2 2 4
2 2 4
2 3 8
2 3 9
2 2 5
2 2 4
2 3 8
2 2 5
2 2 5
2 2 4
2 2 5
2 2 5
2 3 9
2 3 9
2 2 4
2 3 9
2 3 9
2 3 7
2 2 6
2 3 8
2 2 4
2 3 8
2 2 5
2 2 5
2 3 9
2 2 5
2 2 4
2 2 4
2 2 5
2 3 9
2 3 8
2 2 5
2 2 5
2 2 5
2 2 5
2 2 5
2 3 8
2 2 5
2 2 5
2 3 8
2 2 5
2 2 6
2 2 6
2 2 5
2 3 9
2 2 5
2 3 8
2 2 5
2 3 8
2 3 8
2 3 7
2 3 7
2 3 7
2 3 7
2 3 7
2 2 5
2 2 5
2 2 5
2 2 5
2 3 7
2 2 4
2 2 5
2 2 5
2 3 8
2 3 8
2 3 8
2 2 5
2 2 5
2 2 5
2 3 8
2 3 8
2 2 5
2 2 5
2 3 10
2 3 7
2 2 4
2 3 9
2 2 4
2 2 5
2 3 9
2 3 9
2 2 5
2 2 4
2 3 9
2 3 9
2 2 4
2 3 8
2 2 5
2 2 5
2 3 9
2 2 4
2 2 4
2 2 4
2 3 8
2 3 8
2 2 5
2 2 5
2 2 5
2 3 7
2 3 8
2 2 5
2 2 4
2 2 4
2 3 8
2 3 8
2 2 5
2 3 8
2 3 8
2 3 8
2 2 4
2 3 8
2 2 5
2 2 4
2 2 4
2 2 4
2 3 9
2 2 4
2 3 8
2 3 9
2 3 9
2 3 9
2 2 4
2 3 9
2 3 8
2 3 13
2 3 8
2 3 8
2 2 5
2 2 5
2 3 8
2 2 6
2 3 7
2 3 8
2 3 7
2 3 7
2 3 8
2 3 9
2 2 4
2 2 5
2 3 7
2 2 5
2 3 7
2 3 7
2 3 9
2 3 8
2 2 5
2 3 8
2 3 7
2 2 4
2 3 9
2 3 8
2 2 5
2 2 6
2 3 7
2 2 5
2 3 8
2 3 7
2 2 6
2 2 6
2 2 4
2 2 5
2 2 5
2 2 5
2 3 8
2 3 7
2 3 8
2 2 5
2 2 5
2 3 7
2 3 7
2 2 5
2 2 4
2 3 8
2 2 5
2 3 7
2 3 7
2 3 9
2 3 9
2 3 7
2 3 9
2 2 5
2 2 5
2 2 5
2 3 8
2 3 9
2 3 8
2 2 5
2 3 8
2 2 6
2 2 5
2 2 5
2 3 8
2 3 8
2 3 8
2 3 8
2 2 6
2 2 5
2 2 5
2 2 5
2 3 7
2 3 9
2 2 5
2 2 5
2 3 8
2 2 5
2 2 5
2 3 8
2 2 5
2 3 9
2 2 5
2 3 8
2 3 8
2 3 8
2 3 8
2 3 9
2 2 5
2 3 8
2 3 8
2 2 5
2 2 5
2 2 5
2 2 5
2 2 5
2 2 5
2 2 5
2 3 7
2 3 9
2 3 9
2 3 8
2 2 5
2 2 5
2 2 5
2 3 9
2 3 9
2 2 5
2 2 6
2 2 4
2 3 9
2 2 5
2 2 5
2 3 9
2 3 8
2 2 5
2 2 5
2 2 4
2 2 5
2 3 7
2 2 4
2 2 4
2 3 8
2 2 5
2 2 5
2 2 5
2 3 7
2 3 8
2 2 5
2 3 9
2 3 8
2 2 5
2 2 5
2 2 5
2 3 7
2 3 9
2 3 8
2 2 5
2 3 9
2 2 5
2 2 5
2 3 9
2 2 5
2 3 8
2 3 8
2 2 6
2 3 9
2 2 5
2 2 6
2 2 5
2 2 4
2 3 9
2 3 9
2 2 5
2 3 8
2 3 8
2 2 5
2 2 5
2 3 7
2 2 5
2 3 7
2 3 8
2 3 7
2 2 6
2 2 5
2 2 4
2 3 9
2 3 8
2 2 5
2 3 8
2 2 5
2 3 8
2 2 5
2 3 10
2 3 7
2 3 7
2 3 7
2 3 9
2 3 8
2 3 9
2 3 8
2 2 5
2 3 8
2 3 11
2 2 5
2 3 8
2 3 8
2 2 5
2 2 4
2 3 8
2 3 8
2 2 5
2 2 5
2 2 5
2 3 8
2 2 5
2 2 4
2 3 8
2 2 4
2 3 8
2 2 5
2 2 6
2 3 8
2 2 5
2 3 8
2 2 5
2 2 5
2 3 8
2 2 5
2 2 5
2 2 4
2 2 6
2 2 5
2 2 5
2 3 8
2 3 8
2 2 4
2 3 9
2 2 5
2 3 9
2 2 5
2 3 8
2 3 7
2 3 9
2 3 7
2 3 8
2 2 5
2 2 5
2 2 5
2 2 6
2 2 5
2 2 6
2 3 8
2 2 5
2 2 6
2 3 7
2 3 7
2 3 9
2 2 5
2 2 5
2 2 5
2 3 11
2 3 9
2 2 5
2 3 7
2 3 8
2 2 5
2 2 5
2 2 4
2 3 8
2 3 8
2 3 8
2 2 5
2 2 4
2 3 8
2 2 5
2 3 10
2 2 5
2 3 9
2 3 7
2 3 7
2 3 9
2 3 8
2 2 4
2 3 9
2 2 6
2 3 8
2 3 7
2 3 7
2 2 5
2 3 7
2 2 5
2 2 5
2 2 5
2 2 5
2 2 8
2 2 7
2 2 8
2 2 7
2 3 13
2 3 11
2 3 14
2 3 11
2 3 13
2 3 13
2 3 8
2 2 5
2 3 9
2 3 8
2 2 6
2 3 9
2 3 8
2 3 8
2 2 4
2 2 5
2 2 6
2 2 5
2 2 5
2 2 5
2 2 5
2 2 5
2 2 5
2 2 5
2 2 5
2 2 4
2 3 8
2 2 5
2 3 8
2 3 8
2 3 8
2 2 5
2 3 8
2 2 5
2 2 5
2 3 8
2 3 9
2 2 5
2 2 5
2 3 8
2 3 8
2 2 6
2 2 6
2 2 5
2 2 5
2 2 5
2 2 4
2 3 8
2 2 5
2 2 5
2 3 7
2 2 5
2 2 6
2 2 6
2 2 5
2 2 5
2 2 5
2 2 6
2 3 10
2 2 4
2 3 9
2 3 8
2 3 8
2 3 8
2 2 5
2 2 5
2 2 4
2 3 8
2 3 9
2 3 7
2 3 9
2 3 7
2 2 5
2 2 5
2 2 5
2 3 8
2 3 9
2 2 5
2 3 7
2 2 4
2 3 11
2 3 10
2 3 15
2 3 14
2 3 11
2 2 7
2 2 7
2 2 6
2 3 10
2 3 11
2 3 10
2 2 7
2 3 12
2 2 9
2 2 10
2 3 11
2 3 13
2 2 8
2 3 12
2 2 8
2 2 8
2 2 7
2 2 8
2 3 15
2 2 8
2 2 7
2 2 8
2 2 11
2 2 7
2 3 14
2 2 7
2 2 7
2 2 8
2 2 8
2 3 9
2 3 10
2 3 10
2 2 5
2 3 8
2 3 12
2 2 7
2 2 8
2 2 5
2 2 4
2 2 5
2 2 4
2 3 10
2 2 5
2 2 5
2 2 5
2 3 9
2 3 9
2 3 8
2 3 8
2 3 8
2 3 8
2 2 5
2 2 5
2 2 4
2 2 5
2 3 9
2 3 8
2 2 5
2 2 5
2 3 7
2 3 8
2 3 9
2 2 4
2 2 5
2 2 4
2 3 8
2 3 8
2 2 4
2 3 9
2 3 9
2 3 8
2 3 8
2 2 5
2 3 7
2 3 8
2 2 5
2 3 9
2 3 8
2 3 7
2 3 9
2 2 6
2 2 5
2 2 6
2 3 8
2 2 5
2 2 6
2 2 5
2 3 8
2 2 5
2 3 8
2 2 5
2 2 5
2 2 4
2 3 9
2 2 5
2 2 5
2 3 8
2 2 5
2 2 5
2 3 8
2 2 5
2 3 8
2 2 5
2 2 4
2 3 9
2 2 5
2 3 7
2 2 5
2 2 4
2 3 8
2 3 8
2 3 9
2 3 9
2 3 9
2 2 5
2 3 8
2 3 10
2 3 17
2 3 12
2 2 12
2 3 8
2 3 7
2 3 9
2 3 8
2 3 8
2 2 5
2 2 5
2 3 7
2 2 5
2 3 8
2 2 5
2 2 5
2 3 9
2 2 4
2 3 8
2 2 5
2 2 5
2 2 5
2 3 7
2 2 5
2 3 8
2 3 8
2 3 8
2 3 9
2 2 5
2 3 8
2 3 8
2 2 5
2 3 8
2 2 5
2 2 5
2 2 5
2 3 9
2 2 5
2 2 5
2 3 7
2 2 5
2 2 5
2 3 8
2 3 9
2 2 5
2 3 9
2 2 4
2 2 5
2 3 9
2 3 8
2 2 5
2 3 9
2 2 5
2 2 5
2 3 8
2 2 5
2 3 8
2 2 5
2 2 5
2 2 5
2 2 5
2 3 9
2 2 5
2 2 5
2 2 5
2 3 8
2 2 5
2 2 5
2 2 5
2 2 6
2 3 8
2 2 5
2 3 8
2 2 5
2 2 4
2 2 5
2 3 8
2 2 5
2 2 5
2 2 6
2 2 5
2 3 9
2 3 8
2 3 9
2 3 7
2 2 5
2 2 5
2 2 5
2 3 9
2 2 5
2 2 7
2 2 8
2 3 10
2 2 4
2 2 5
2 3 8
2 3 8
2 2 5
2 3 8
2 3 8
2 3 7
2 2 5
2 2 5
2 2 5
2 2 4
2 2 5
2 3 8
2 2 4
2 3 8
2 3 8
2 2 5
2 3 9
2 3 9
2 3 7
2 2 5
2 2 5
2 3 8
2 3 8
2 3 9
2 2 5
2 2 5
2 2 5
2 2 4
2 3 9
2 3 8
2 3 9
2 2 5
2 3 9
2 2 4
2 2 4
2 2 5
2 2 4
2 2 5
2 2 5
2 3 7
2 2 4
2 3 8
2 3 9
2 2 5
2 2 4
2 3 8
2 3 9
2 2 5
2 3 8
2 2 4
2 3 8
2 2 5
2 2 4
2 2 5
2 2 4
2 2 5
2 3 9
2 2 5
2 3 9
2 2 5
2 2 5
2 3 8
2 3 8
2 2 5
2 2 4
2 2 4
2 3 7
2 2 4
2 3 7
2 2 4
2 2 4
2 2 5
2 2 4
2 3 7
2 3 9
2 2 5
2 3 9
2 3 8
2 2 5
2 2 5
2 3 7
2 2 5
2 2 5
2 3 7
2 3 7
2 2 5
2 2 5
2 2 4
2 2 5
2 3 8
2 2 5
2 2 4
2 2 5
2 2 5
2 2 5
2 3 9
2 2 5
2 3 7
2 3 7
2 3 9
2 2 6
2 2 4
2 2 5
2 2 4
2 3 8
2 3 9
2 2 5
2 2 4
2 3 7
2 3 8
2 3 9
2 2 5
3 5 16
3 3 7
3 4 9
3 3 7
3 5 13
3 5 12
3 5 11
3 6 16
3 5 14
3 5 13
3 5 17
3 5 16
3 6 22
3 4 12
3 5 18
3 3 8
3 4 9
3 5 13
3 4 11
3 3 7
3 6 16
3 3 7
3 3 6
3 5 13
3 5 18
3 3 7
3 3 7
3 5 14
3 5 13
3 5 12
3 3 7
3 3 6
3 6 16
3 4 11
3 6 17
3 4 11
3 5 13
3 3 6
3 4 9
3 4 11
3 3 7
3 5 12
3 5 14
3 4 9
3 6 15
3 5 13
3 3 7
3 5 12
3 3 7
3 5 13
3 6 15
3 3 13
3 4 13
3 5 18
3 5 18
3 6 23
3 6 25
3 4 16
3 5 21
3 4 14
3 5 13
3 3 7
3 5 15
3 5 13
3 5 12
3 4 9
3 4 10
3 4 10
3 4 9
3 3 6
3 3 7
3 3 6
3 5 11
3 5 12
3 4 10
3 5 13
3 4 10
3 4 11
3 3 7
3 5 13
3 5 12
3 5 13
3 4 9
3 5 12
3 5 12
3 4 9
3 5 14
3 6 15
3 3 7
3 6 15
3 5 12
3 3 7
3 5 12
3 4 9
3 3 6
3 4 10
3 3 7
3 4 9
3 5 13
3 6 15
3 5 12
3 4 9
3 5 14
3 3 8
3 5 15
3 4 9
3 4 10
3 3 7
3 3 7
3 5 13
3 4 9
3 3 7
3 7 19
3 3 7
3 6 18
3 6 17
3 4 9
3 6 18
3 3 7
3 6 16
3 4 9
3 4 10
3 5 12
3 5 12
3 4 10
3 4 10
3 5 13
3 5 13
3 5 12
3 3 6
3 5 12
3 4 11
3 4 11
3 4 10
3 4 9
3 5 14
3 5 14
3 4 10
3 5 12
3 5 12
3 4 9
3 6 14
3 3 7
3 4 9
3 4 9
3 4 10
3 4 10
3 4 9
3 6 17
3 6 16
3 6 15
3 5 12
3 4 9
3 5 13
3 3 7
3 6 15
3 3 7
3 3 7
3 5 12
3 4 10
3 6 16
3 4 10
3 5 12
3 5 11
3 4 9
3 5 12
3 5 13
3 5 14
3 3 6
3 4 14
3 4 10
3 3 7
3 4 9
3 5 11
3 6 16
3 4 9
3 5 13
3 6 15
3 5 13
3 5 13
3 4 9
3 4 9
3 5 13
3 3 7
3 4 9
3 5 13
3 4 11
3 4 9
3 6 16
3 3 7
3 5 12
3 4 9
3 5 12
3 5 11
3 4 10
3 3 7
3 5 13
3 3 8
3 3 7
3 3 7
3 5 13
3 5 11
3 5 12
3 4 9
3 5 13
3 6 16
3 3 7
3 3 7
3 6 17
3 3 6
3 6 15
3 4 9
3 3 7
3 6 16
3 4 10
3 6 14
3 5 12
3 4 9
3 5 13
3 5 13
3 3 7
3 5 12
3 5 12
3 4 10
3 5 12
3 3 7
3 4 11
3 6 16
3 4 12
3 5 13
3 3 7
3 4 10
3 4 11
3 3 7
3 6 16
3 3 7
3 3 7
3 3 8
3 3 7
3 4 11
3 4 10
3 4 11
3 6 18
3 6 18
3 5 15
3 3 7
3 6 16
3 5 13
3 4 9
3 4 11
3 4 11
3 6 16
3 5 12
3 5 13
3 4 11
3 4 9
3 4 11
3 4 9
3 3 7
3 5 13
3 4 10
3 5 12
3 4 10
3 4 9
3 6 23
3 5 19
3 3 7
3 5 13
3 5 12
3 5 13
3 4 10
3 5 15
3 4 9
3 4 11
3 3 7
3 3 7
3 4 11
3 4 9
3 6 15
3 5 13
3 3 7
3 5 12
3 6 22
3 6 25
3 4 10
3 3 7
3 5 13
3 5 14
3 4 11
3 4 10
3 3 7
3 3 7
3 6 18
3 4 9
3 4 9
3 3 7
3 6 15
3 5 12
3 4 10
3 3 7
3 3 6
3 5 12
3 4 10
3 4 10
3 5 15
3 6 15
3 6 14
3 4 10
3 6 15
3 6 16
3 4 10
3 5 14
3 4 11
3 4 11
3 4 9
3 5 14
3 3 11
3 4 15
3 5 13
3 5 14
3 6 15
3 3 7
3 3 7
3 5 13
3 3 7
3 5 12
3 5 14
3 5 13
3 4 10
3 3 6
3 4 10
3 5 13
3 4 10
3 5 12
3 5 12
3 5 13
3 6 17
3 4 10
3 4 10
3 5 14
3 4 11
3 5 15
3 4 9
3 7 21
3 4 10
3 6 15
3 5 13
3 4 10
3 6 17
3 5 12
3 5 13
3 5 12
3 3 7
3 4 10
3 5 12
3 3 6
3 4 10
3 4 10
3 4 10
3 5 13
3 6 17
3 6 17
3 5 12
3 5 13
3 4 9
3 4 10
3 3 7
3 6 15
3 4 9
3 5 13
3 5 14
3 3 7
3 4 10
3 3 7
3 4 10
3 5 12
3 5 14
3 6 18
3 7 18
3 5 13
3 3 6
3 4 10
3 6 15
3 4 11
3 6 15
3 6 15
3 4 10
3 3 7
3 3 7
3 5 13
3 4 10
3 3 7
3 3 6
3 4 9
3 4 11
3 3 8
3 5 13
3 6 16
3 4 9
3 5 11
3 3 7
3 4 9
3 6 16
3 4 11
3 3 7
3 4 10
3 4 10
3 4 9
3 3 7
3 3 6
3 4 10
3 3 7
3 4 10
3 4 10
3 6 16
3 5 12
3 3 6
3 3 6
3 5 12
3 3 6
3 5 13
3 4 11
3 4 10
3 3 7
3 4 10
3 5 12
3 4 11
3 4 9
3 3 7
3 5 12
3 5 12
3 5 12
3 4 9
3 6 16
3 5 11
3 5 13
3 4 9
3 5 14
3 5 13
3 5 12
3 3 7
3 5 14
3 5 12
3 3 7
3 3 7
3 5 12
3 6 16
3 6 16
3 3 6
3 4 11
3 3 7
3 4 9
3 4 9
3 4 10
3 3 8
3 4 10
3 3 7
3 4 10
3 4 9
3 4 11
3 5 12
3 4 11
3 6 15
3 4 9
3 4 9
3 5 11
3 5 12
3 3 6
3 5 12
3 4 9
3 5 14
3 4 10
3 6 16
3 4 11
3 3 7
3 4 11
3 5 13
3 5 12
3 3 7
3 5 13
3 4 9
3 7 19
3 5 13
3 4 11
3 4 10
3 4 10
3 4 11
3 4 9
3 5 14
3 5 14
3 5 14
3 3 7
3 3 7
3 3 7
3 5 12
3 6 16
3 4 11
3 5 13
3 4 16
3 6 22
3 4 14
3 3 12
3 4 15
3 5 18
3 6 22
3 5 19
3 3 10
3 6 23
3 4 15
3 4 15
3 4 13
3 4 15
3 5 19
3 5 20
3 4 16
3 3 11
3 3 12
3 4 17
3 4 16
3 3 10
3 3 10
3 5 16
3 5 24
3 3 9
3 3 8
3 4 14
3 5 19
3 5 16
3 7 45
3 5 18
3 4 14
3 4 15
3 6 17
3 6 16
3 4 10
3 3 8
3 5 15
3 3 7
3 3 7
3 6 16
3 3 7
3 4 10
3 5 12
3 6 17
3 3 7
3 5 13
3 3 15
3 5 14
3 5 14
3 5 13
3 3 7
3 4 10
3 3 7
3 5 13
3 4 9
3 5 13
3 6 17
3 5 14
3 5 14
3 5 13
3 6 16
3 5 13
3 3 7
3 5 12
3 5 12
3 3 7
3 3 7
3 5 14
3 3 7
3 3 7
3 4 9
3 6 17
3 5 14
3 4 10
3 6 15
3 5 13
3 6 17
3 3 7
3 3 7
3 4 9
3 6 16
3 3 7
3 3 7
3 5 14
3 5 13
3 5 12
3 4 9
3 4 10
3 3 7
3 5 13
3 4 9
3 4 11
3 3 6
3 5 13
3 6 15
3 5 12
3 4 9
3 3 6
3 3 7
3 5 13
3 4 10
3 3 7
3 3 7
3 4 10
3 5 13
3 3 7
3 3 7
3 4 11
3 5 12
3 6 15
3 3 6
3 6 17
3 3 7
3 4 9
3 4 10
3 5 14
3 6 15
3 6 17
3 4 9
3 3 7
3 4 9
3 4 9
3 4 11
3 4 11
3 6 16
3 5 12
3 6 16
3 4 9
3 4 11
3 4 9
3 5 11
3 3 7
3 4 10
3 6 15
3 5 13
3 5 12
3 6 16
3 4 11
3 7 20
3 4 11
3 6 14
3 3 7
3 3 7
3 4 11
3 6 17
3 6 15
3 6 15
3 3 7
3 4 9
3 4 10
3 5 12
3 5 16
3 3 7
3 5 13
3 3 7
3 3 7
3 4 8
3 4 10
3 4 10
3 3 7
3 6 15
3 4 10
3 4 9
3 4 12
3 5 12
3 3 7
3 4 10
3 5 13
3 3 6
3 4 9
3 4 10
3 6 16
3 4 10
3 6 15
3 3 6
3 5 13
3 4 10
3 4 11
3 3 7
3 3 7
3 3 7
3 4 11
3 5 13
3 6 16
3 5 12
3 6 15
3 4 9
3 6 15
3 4 11
3 3 7
3 3 7
3 4 9
3 5 13
3 5 11
3 3 8
3 5 13
3 3 7
3 5 14
3 3 7
3 4 11
3 3 7
3 4 10
3 5 13
3 3 7
3 3 7
3 3 7
3 4 9
3 5 14
3 3 7
3 5 12
3 6 16
3 6 16
3 5 12
3 3 6
3 7 22
3 6 16
3 5 12
3 3 7
3 5 13
3 5 15
3 5 13
3 4 11
3 3 7
3 6 16
3 5 12
3 5 13
3 5 13
3 6 16
3 4 10
3 4 10
3 5 16
3 4 10
3 6 14
3 4 10
3 4 11
3 3 7
3 4 9
3 3 6
3 5 12
3 3 7
3 4 11
3 5 13
3 6 16
3 3 6
3 6 31
3 6 18
3 4 10
3 3 7
3 3 7
3 3 7
3 5 13
3 4 11
3 4 11
3 6 17
3 4 9
3 3 6
3 5 13
3 3 7
3 3 7
3 5 11
3 4 9
3 5 13
3 6 17
3 4 10
3 6 16
3 4 9
3 4 11
3 3 6
3 3 8
3 4 11
3 6 17
3 4 10
3 5 12
3 5 12
3 5 13
3 5 12
3 3 7
3 6 16
3 6 15
3 5 14
3 5 11
3 5 13
3 4 10
3 4 11
3 4 11
3 3 7
3 4 10
3 5 13
3 5 12
3 5 13
3 4 10
3 5 15
3 3 7
3 5 14
3 4 10
3 4 10
3 4 9
3 3 7
3 4 10
3 3 7
3 5 13
3 5 14
3 5 12
3 5 13
3 6 16
3 4 11
3 5 13
3 4 9
3 5 15
3 4 9
3 5 13
3 4 11
3 4 10
3 5 12
3 5 13
3 5 12
3 5 13
3 5 12
3 4 11
3 4 11
3 4 8
3 5 13
3 4 10
3 5 12
3 6 16
3 5 11
3 3 8
3 6 16
3 4 10
3 5 13
3 3 6
3 5 12
3 5 13
3 5 15
3 4 10
3 5 13
3 3 7
3 5 15
3 5 13
3 5 13
3 6 17
3 5 11
3 5 15
3 5 11
3 4 10
3 3 7
3 6 16
3 5 14
3 5 13
3 5 13
3 5 12
3 4 11
3 3 6
3 5 13
3 4 9
3 4 10
3 6 16
3 4 9
3 5 13
3 3 6
3 6 17
3 5 12
3 5 12
3 5 14
3 4 10
3 4 10
3 4 10
3 5 14
3 3 7
3 3 7
3 4 10
3 4 9
3 4 10
3 5 12
3 3 6
3 5 14
3 4 11
3 4 9
3 4 10
3 4 9
3 5 13
3 4 10
3 5 12
3 5 13
3 3 7
3 4 10
3 4 11
3 5 13
3 4 10
3 3 7
3 4 10
3 5 13
3 6 17
3 4 9
3 5 12
3 6 16
3 3 6
3 5 13
3 4 9
3 4 10
3 4 10
3 6 15
3 5 14
3 6 17
3 3 7
3 4 11
3 3 7
3 3 7
3 4 9
3 6 16
3 4 10
3 3 6
3 4 10
3 6 18
3 4 9
3 4 10
3 4 9
3 5 13
3 5 12
3 6 18
3 6 15
3 5 12
3 6 17
3 5 13
3 4 9
3 6 15
3 6 17
3 3 11
3 4 11
3 5 12
3 4 10
3 4 11
3 3 7
3 4 9
3 6 16
3 3 7
3 4 10
3 3 7
3 6 17
3 6 16
3 3 7
3 4 9
3 3 6
3 5 12
3 4 9
3 6 17
3 4 11
3 5 15
3 6 17
3 4 10
3 4 9
3 3 8
3 4 10
3 4 9
3 5 13
3 4 9
3 5 13
3 3 7
3 3 7
3 5 13
3 5 13
3 5 14
3 4 9
3 3 7
3 4 9
3 5 13
3 3 7
3 4 9
3 4 11
3 3 6
3 5 14
3 3 7
3 6 16
3 4 14
3 4 13
3 5 15
3 5 17
3 5 17
3 5 23
3 5 19
3 3 11
3 5 17
3 5 25
3 3 12
3 3 11
3 5 17
3 4 15
3 5 19
3 3 10
3 6 23
3 5 18
3 5 20
3 6 22
3 5 15
3 6 24
3 5 22
3 3 11
3 3 11
3 4 17
3 5 20
